# script-hop-piece-
local DrRayLibrary = loadstring(game:HttpGet("https://raw.githubusercontent.com/AZYsGithub/DrRay-UI-Library/main/DrRay.lua"))()
local window = DrRayLibrary:Load("SSS HUB", "Default")

local tab = DrRayLibrary.newTab("สคริปต่างๆ", "ImageIdHere")

tab.newButton("สคริปบิน", "good", function()
   
     loadstring("\108\111\97\100\115\116\114\105\110\103\40\103\97\109\101\58\72\116\116\112\71\101\116\40\40\39\104\116\116\112\115\58\47\47\103\105\115\116\46\103\105\116\104\117\98\117\115\101\114\99\111\110\116\101\110\116\46\99\111\109\47\109\101\111\122\111\110\101\89\84\47\98\102\48\51\55\100\102\102\57\102\48\97\55\48\48\49\55\51\48\52\100\100\100\54\55\102\100\99\100\51\55\48\47\114\97\119\47\101\49\52\101\55\52\102\52\50\53\98\48\54\48\100\102\53\50\51\51\52\51\99\102\51\48\98\55\56\55\48\55\52\101\98\51\99\53\100\50\47\97\114\99\101\117\115\37\50\53\50\48\120\37\50\53\50\48\102\108\121\37\50\53\50\48\50\37\50\53\50\48\111\98\102\108\117\99\97\116\111\114\39\41\44\116\114\117\101\41\41\40\41\10\10")()
   
end)

---o



local tab = DrRayLibrary.newTab("ฟามกล่อง", "ImageIdHere"

)tab.newButton("Chest TD", "TD", function()

getmoney = function()
    fireclickdetector(game:GetService("Workspace").TD.ClickDetector)
    fireclickdetector(game:GetService("Workspace").TD.ClickDetector)
    fireclickdetector(game:GetService("Workspace").TD.ClickDetector)
    fireclickdetector(game:GetService("Workspace").TD.ClickDetector)
    fireclickdetector(game:GetService("Workspace").TD.ClickDetector)
    fireclickdetector(game:GetService("Workspace").TD.ClickDetector)
    fireclickdetector(game:GetService("Workspace").TD.ClickDetector)
    fireclickdetector(game:GetService("Workspace").TD.ClickDetector)
    fireclickdetector(game:GetService("Workspace").TD.ClickDetector)
    fireclickdetector(game:GetService("Workspace").TD.ClickDetector)
    fireclickdetector(game:GetService("Workspace").TD.ClickDetector)
    fireclickdetector(game:GetService("Workspace").TD.ClickDetector)
    fireclickdetector(game:GetService("Workspace").TD.ClickDetector)
    fireclickdetector(game:GetService("Workspace").TD.ClickDetector)
    fireclickdetector(game:GetService("Workspace").TD.ClickDetector)
    fireclickdetector(game:GetService("Workspace").TD.ClickDetector) wait()
end

spawn(function()
    while wait() do
        getmoney()
        getmoney()
        getmoney() wait()
    end
end);spawn(function()
    while wait() do
        getmoney()
        getmoney()
        getmoney()
        getmoney() wait()
    end
end);spawn(function()
    while wait() do
        getmoney()
        getmoney()
        getmoney()
    end
end);spawn(function()
    while wait() do
        getmoney()
        getmoney()
        getmoney()
        getmoney() wait()
    end
end)

end)



tab.newButton("Chest ผ้าครุม", "ผ้าครุม", function()
   
   _G.h = true
while _G.h do wait()
fireclickdetector(game:GetService("Workspace").Bal.ClickDetector)
end

   
end)


---a



local tab = DrRayLibrary.newTab("วาปเกาะ", "ImageIdHere"

)tab.newButton("เกาะแรก", "op", function()

local Tween = game:GetService("TweenService")

local Tw = Tween:Create(game.Players.LocalPlayer.Character.HumanoidRootPart, TweenInfo.new(0, Enum.EasingStyle.Linear, Enum.EasingDirection.Out,0,false,0),
{CFrame = CFrame.new(0.489530683, 116.710876, -10.8455191, -0.999327958, 0, 0.0366557986, 0, 1, -0, -0.0366557986, 0, -0.999327958)}):Play()

end)


tab.newButton("เกาะหีบ", "op", function()
  

local Tween = game:GetService("TweenService")

local Tw = Tween:Create(game.Players.LocalPlayer.Character.HumanoidRootPart, TweenInfo.new(0, Enum.EasingStyle.Linear, Enum.EasingDirection.Out,0,false,0),
{CFrame = CFrame.new(299.697632, 115.353226, -936.891052, 0.998473823, 0, -0.0552282557, -0, 1, -0, 0.0552282631, 0, 0.998473704)}):Play()


end)


tab.newButton("เกาะทรายบอส", "op", function()
  
local Tween = game:GetService("TweenService")

local Tw = Tween:Create(game.Players.LocalPlayer.Character.HumanoidRootPart, TweenInfo.new(0, Enum.EasingStyle.Linear, Enum.EasingDirection.Out,0,false,0),
{CFrame = CFrame.new(-587.146423, 116.710876, 683.01709, 0.00793850236, 0, 0.999968469, -0, 1.00000012, -0, -0.999968588, 0, 0.00793850143)}):Play()

end)


tab.newButton("เกาะเห็ด", "op", function()

local Tween = game:GetService("TweenService")

local Tw = Tween:Create(game.Players.LocalPlayer.Character.HumanoidRootPart, TweenInfo.new(0, Enum.EasingStyle.Linear, Enum.EasingDirection.Out,0,false,0),
{CFrame = CFrame.new(2.8544724, 116.710876, 720.344666, -0.995580494, 0, 0.0939124152, 0, 1.00000012, -0, -0.0939124152, 0, -0.995580494)}):Play()

end)



tab.newButton("เกาะโกโจ", "op", function()
  
  
  local Tween = game:GetService("TweenService")

local Tw = Tween:Create(game.Players.LocalPlayer.Character.HumanoidRootPart, TweenInfo.new(0, Enum.EasingStyle.Linear, Enum.EasingDirection.Out,0,false,0),
{CFrame = CFrame.new(1330.87683, 117.785614, -1867.93799, -0.9999066, -0, -0.0136729861, -0, 1.00000012, -0, 0.0136729861, 0, -0.9999066)}):Play()

end)



tab.newButton("เกาะเงือก", "op", function()



local Tween = game:GetService("TweenService")

local Tw = Tween:Create(game.Players.LocalPlayer.Character.HumanoidRootPart, TweenInfo.new(0, Enum.EasingStyle.Linear, Enum.EasingDirection.Out,0,false,0),
{CFrame = CFrame.new(1675.83716, 114.517471, -79.26371, -0.0466501042, -0, -0.998911381, -0, 1.00000012, -0, 0.998911262, 0, -0.0466501079)}):Play()


end)
  

tab.newButton("เกาะสีชมพู", "op", function()



local Tween = game:GetService("TweenService")

local Tw = Tween:Create(game.Players.LocalPlayer.Character.HumanoidRootPart, TweenInfo.new(0, Enum.EasingStyle.Linear, Enum.EasingDirection.Out,0,false,0),
{CFrame = CFrame.new(-815.109192, 115.353226, -1323.94287, -0.999528468, -0, -0.0307059549, -0, 1, -0, 0.0307059549, 0, -0.999528468)}):Play()
  
end)


tab.newButton("เกาะบอสหมัดสายฟ้า", "op", function()
  

local Tween = game:GetService("TweenService")

local Tw = Tween:Create(game.Players.LocalPlayer.Character.HumanoidRootPart, TweenInfo.new(0, Enum.EasingStyle.Linear, Enum.EasingDirection.Out,0,false,0),
{CFrame = CFrame.new(1143.51343, 115.857147, -690.109192, -0.0488016084, 0, 0.998808503, 0, 1, -0, -0.998808503, 0, -0.0488016084)}):Play()

end)


tab.newButton("เกาะบอสขวาน", "op", function()


local Tween = game:GetService("TweenService")

local Tw = Tween:Create(game.Players.LocalPlayer.Character.HumanoidRootPart, TweenInfo.new(0, Enum.EasingStyle.Linear, Enum.EasingDirection.Out,0,false,0),
{CFrame = CFrame.new(694.748901, 114.994583, 1002.12164, 0.0602462925, 0, 0.998183548, -0, 1, -0, -0.998183548, 0, 0.0602462925)}):Play()


end)
  

tab.newButton("เกาะลงดัน", "op", function()



local Tween = game:GetService("TweenService")

local Tw = Tween:Create(game.Players.LocalPlayer.Character.HumanoidRootPart, TweenInfo.new(0, Enum.EasingStyle.Linear, Enum.EasingDirection.Out,0,false,0),
{CFrame = CFrame.new(-1285.66272, 114.517471, 1485.11646, 0.999893367, 0, -0.0146072116, -0, 1.00000012, -0, 0.0146072116, 0, 0.999893367)}):Play()

end)



tab.newButton("เกาะหิมะ", "op", function()


local Tween = game:GetService("TweenService")

local Tw = Tween:Create(game.Players.LocalPlayer.Character.HumanoidRootPart, TweenInfo.new(0, Enum.EasingStyle.Linear, Enum.EasingDirection.Out,0,false,0),
{CFrame = CFrame.new(-1111.58105, 116.710846, -124.460258, 0.00455521001, 0, -0.999989688, -0, 1.00000012, -0, 0.999989688, 0, 0.00455521001)}):Play()


end)
  

tab.newButton("เกาะทรายปกติ", "op", function()


local Tween = game:GetService("TweenService")

local Tw = Tween:Create(game.Players.LocalPlayer.Character.HumanoidRootPart, TweenInfo.new(0, Enum.EasingStyle.Linear, Enum.EasingDirection.Out,0,false,0),
{CFrame = CFrame.new(567.417969, 116.710876, 299.764893, 0.0448779613, 0, -0.998992503, -0, 1, -0, 0.998992503, 0, 0.0448779613)}):Play()
  

end)




---s



local tab = DrRayLibrary.newTab("กดสกิว", "ImageIdHere")


tab.newButton("สกิวผลหิน", "ต้องมีของ", function()


game:GetService("ReplicatedStorage").Skill.DFRock:FireServer()


end)


tab.newButton("สกิวดาบแชง", "ต้องมีของ", function()


game:GetService("ReplicatedStorage").Skill.SaberZ:FireServer()


end)



tab.newButton("สกิวผลดวงจันทร์", "ต้องมีของ", function()



game:GetService("ReplicatedStorage").Skill.DFmoon:FireServer()


end)



tab.newButton("สกิวผลต้นไม้สกิว1", "ต้องมีของ", function()


game:GetService("ReplicatedStorage").Skill.SkillTDF:FireServer()


end)


tab.newButton("สกิวผลต้นไม้สกิว2", "ต้องมีของ", function()


game:GetService("ReplicatedStorage").Skill.SkillTD2:FireServer()


end)
